version https://git-lfs.github.com/spec/v1
oid sha256:22fa4e284e2d626e22e06c76b28a92053e43a5450cac16be570a43c009c3eb8e
size 4751530
